         0         0    1.0000
         0         0    1.0000
         0         0    1.0000
         0         0    1.0000
         0         0    1.0000
         0         0    1.0000
         0         0    1.0000
         0         0    1.0000
         0         0    1.0000
         0         0    1.0000
         0         0    1.0000
         0         0    1.0000
         0         0    1.0000
         0    0.0400    1.0000
         0    0.0800    1.0000
         0    0.1200    1.0000
         0    0.1600    1.0000
         0    0.2000    1.0000
         0    0.2400    1.0000
         0    0.2800    1.0000
         0    0.3200    1.0000
         0    0.3600    1.0000
         0    0.4000    1.0000
         0    0.4400    1.0000
         0    0.4800    1.0000
         0    0.5200    1.0000
         0    0.5600    1.0000
         0    0.6000    1.0000
         0    0.6400    1.0000
         0    0.6800    1.0000
         0    0.7200    1.0000
         0    0.7600    1.0000
         0    0.8000    1.0000
         0    0.8400    1.0000
         0    0.8800    1.0000
         0    0.9200    1.0000
         0    0.9600    1.0000
         0    1.0000    1.0000
    0.0400    1.0000    0.9600
    0.0800    1.0000    0.9200
    0.1200    1.0000    0.8800
    0.1600    1.0000    0.8400
    0.2000    1.0000    0.8000
    0.2400    1.0000    0.7600
    0.2800    1.0000    0.7200
    0.3200    1.0000    0.6800
    0.3600    1.0000    0.6400
    0.4000    1.0000    0.6000
    0.4400    1.0000    0.5600
    0.4800    1.0000    0.5200
    0.5200    1.0000    0.4800
    0.5600    1.0000    0.4400
    0.6000    1.0000    0.4000
    0.6400    1.0000    0.3600
    0.6800    1.0000    0.3200
    0.7200    1.0000    0.2800
    0.7600    1.0000    0.2400
    0.8000    1.0000    0.2000
    0.8400    1.0000    0.1600
    0.8800    1.0000    0.1200
    0.9200    1.0000    0.0800
    0.9600    1.0000    0.0400
    1.0000    1.0000         0
    1.0000    0.9600         0
    1.0000    0.9200         0
    1.0000    0.8800         0
    1.0000    0.8400         0
    1.0000    0.8000         0
    1.0000    0.7600         0
    1.0000    0.7200         0
    1.0000    0.6800         0
    1.0000    0.6400         0
    1.0000    0.6000         0
    1.0000    0.5600         0
    1.0000    0.5200         0
    1.0000    0.4800         0
    1.0000    0.4400         0
    1.0000    0.4000         0
    1.0000    0.3600         0
    1.0000    0.3200         0
    1.0000    0.2800         0
    1.0000    0.2400         0
    1.0000    0.2000         0
    1.0000    0.1600         0
    1.0000    0.1200         0
    1.0000    0.0800         0
    1.0000    0.0400         0
    1.0000         0         0
    1.0000         0         0
    1.0000         0         0
    1.0000         0         0
    1.0000         0         0
    1.0000         0         0
    1.0000         0         0
    1.0000         0         0
    1.0000         0         0
    1.0000         0         0
    1.0000         0         0
    1.0000         0         0
    1.0000         0         0